251
   0.0000000   0.0000000   0.0000000
   0.0000000   0.0100000   0.0100000
   0.0000000   0.0200000   0.0200000
   0.0000000   0.0300000   0.0300000
   0.0000000   0.0400000   0.0400000
   0.0000000   0.0500000   0.0500000
   0.0000000   0.0600000   0.0600000
   0.0000000   0.0700000   0.0700000
   0.0000000   0.0800000   0.0800000
   0.0000000   0.0900000   0.0900000
   0.0000000   0.1000000   0.1000000
   0.0000000   0.1100000   0.1100000
   0.0000000   0.1200000   0.1200000
   0.0000000   0.1300000   0.1300000
   0.0000000   0.1400000   0.1400000
   0.0000000   0.1500000   0.1500000
   0.0000000   0.1600000   0.1600000
   0.0000000   0.1700000   0.1700000
   0.0000000   0.1800000   0.1800000
   0.0000000   0.1900000   0.1900000
   0.0000000   0.2000000   0.2000000
   0.0000000   0.2100000   0.2100000
   0.0000000   0.2200000   0.2200000
   0.0000000   0.2300000   0.2300000
   0.0000000   0.2400000   0.2400000
   0.0000000   0.2500000   0.2500000
   0.0000000   0.2600000   0.2600000
   0.0000000   0.2700000   0.2700000
   0.0000000   0.2800000   0.2800000
   0.0000000   0.2900000   0.2900000
   0.0000000   0.3000000   0.3000000
   0.0000000   0.3100000   0.3100000
   0.0000000   0.3200000   0.3200000
   0.0000000   0.3300000   0.3300000
   0.0000000   0.3400000   0.3400000
   0.0000000   0.3500000   0.3500000
   0.0000000   0.3600000   0.3600000
   0.0000000   0.3700000   0.3700000
   0.0000000   0.3800000   0.3800000
   0.0000000   0.3900000   0.3900000
   0.0000000   0.4000000   0.4000000
   0.0000000   0.4100000   0.4100000
   0.0000000   0.4200000   0.4200000
   0.0000000   0.4300000   0.4300000
   0.0000000   0.4400000   0.4400000
   0.0000000   0.4500000   0.4500000
   0.0000000   0.4600000   0.4600000
   0.0000000   0.4700000   0.4700000
   0.0000000   0.4800000   0.4800000
   0.0000000   0.4900000   0.4900000
   0.0000000   0.5000000   0.5000000
   0.0050000   0.5050000   0.5000000
   0.0100000   0.5100000   0.5000000
   0.0150000   0.5150000   0.5000000
   0.0200000   0.5200000   0.5000000
   0.0250000   0.5250000   0.5000000
   0.0300000   0.5300000   0.5000000
   0.0350000   0.5350000   0.5000000
   0.0400000   0.5400000   0.5000000
   0.0450000   0.5450000   0.5000000
   0.0500000   0.5500000   0.5000000
   0.0550000   0.5550000   0.5000000
   0.0600000   0.5600000   0.5000000
   0.0650000   0.5650000   0.5000000
   0.0700000   0.5700000   0.5000000
   0.0750000   0.5750000   0.5000000
   0.0800000   0.5800000   0.5000000
   0.0850000   0.5850000   0.5000000
   0.0900000   0.5900000   0.5000000
   0.0950000   0.5950000   0.5000000
   0.1000000   0.6000000   0.5000000
   0.1050000   0.6050000   0.5000000
   0.1100000   0.6100000   0.5000000
   0.1150000   0.6150000   0.5000000
   0.1200000   0.6200000   0.5000000
   0.1250000   0.6250000   0.5000000
   0.1300000   0.6300000   0.5000000
   0.1350000   0.6350000   0.5000000
   0.1400000   0.6400000   0.5000000
   0.1450000   0.6450000   0.5000000
   0.1500000   0.6500000   0.5000000
   0.1550000   0.6550000   0.5000000
   0.1600000   0.6600000   0.5000000
   0.1650000   0.6650000   0.5000000
   0.1700000   0.6700000   0.5000000
   0.1750000   0.6750000   0.5000000
   0.1800000   0.6800000   0.5000000
   0.1850000   0.6850000   0.5000000
   0.1900000   0.6900000   0.5000000
   0.1950000   0.6950000   0.5000000
   0.2000000   0.7000000   0.5000000
   0.2050000   0.7050000   0.5000000
   0.2100000   0.7100000   0.5000000
   0.2150000   0.7150000   0.5000000
   0.2200000   0.7200000   0.5000000
   0.2250000   0.7250000   0.5000000
   0.2300000   0.7300000   0.5000000
   0.2350000   0.7350000   0.5000000
   0.2400000   0.7400000   0.5000000
   0.2450000   0.7450000   0.5000000
   0.2500000   0.7500000   0.5000000
   0.2525000   0.7500000   0.4975000
   0.2550000   0.7500000   0.4950000
   0.2575000   0.7500000   0.4925000
   0.2600000   0.7500000   0.4900000
   0.2625000   0.7500000   0.4875000
   0.2650000   0.7500000   0.4850000
   0.2675000   0.7500000   0.4825000
   0.2700000   0.7500000   0.4800000
   0.2725000   0.7500000   0.4775000
   0.2750000   0.7500000   0.4750000
   0.2775000   0.7500000   0.4725000
   0.2800000   0.7500000   0.4700000
   0.2825000   0.7500000   0.4675000
   0.2850000   0.7500000   0.4650000
   0.2875000   0.7500000   0.4625000
   0.2900000   0.7500000   0.4600000
   0.2925000   0.7500000   0.4575000
   0.2950000   0.7500000   0.4550000
   0.2975000   0.7500000   0.4525000
   0.3000000   0.7500000   0.4500000
   0.3025000   0.7500000   0.4475000
   0.3050000   0.7500000   0.4450000
   0.3075000   0.7500000   0.4425000
   0.3100000   0.7500000   0.4400000
   0.3125000   0.7500000   0.4375000
   0.3150000   0.7500000   0.4350000
   0.3175000   0.7500000   0.4325000
   0.3200000   0.7500000   0.4300000
   0.3225000   0.7500000   0.4275000
   0.3250000   0.7500000   0.4250000
   0.3275000   0.7500000   0.4225000
   0.3300000   0.7500000   0.4200000
   0.3325000   0.7500000   0.4175000
   0.3350000   0.7500000   0.4150000
   0.3375000   0.7500000   0.4125000
   0.3400000   0.7500000   0.4100000
   0.3425000   0.7500000   0.4075000
   0.3450000   0.7500000   0.4050000
   0.3475000   0.7500000   0.4025000
   0.3500000   0.7500000   0.4000000
   0.3525000   0.7500000   0.3975000
   0.3550000   0.7500000   0.3950000
   0.3575000   0.7500000   0.3925000
   0.3600000   0.7500000   0.3900000
   0.3625000   0.7500000   0.3875000
   0.3650000   0.7500000   0.3850000
   0.3675000   0.7500000   0.3825000
   0.3700000   0.7500000   0.3800000
   0.3725000   0.7500000   0.3775000
   0.3750000   0.7500000   0.3750000
   0.3675000   0.7350000   0.3675000
   0.3600000   0.7200000   0.3600000
   0.3525000   0.7050000   0.3525000
   0.3450000   0.6900000   0.3450000
   0.3375000   0.6750000   0.3375000
   0.3300000   0.6600000   0.3300000
   0.3225000   0.6450000   0.3225000
   0.3150000   0.6300000   0.3150000
   0.3075000   0.6150000   0.3075000
   0.3000000   0.6000000   0.3000000
   0.2925000   0.5850000   0.2925000
   0.2850000   0.5700000   0.2850000
   0.2775000   0.5550000   0.2775000
   0.2700000   0.5400000   0.2700000
   0.2625000   0.5250000   0.2625000
   0.2550000   0.5100000   0.2550000
   0.2475000   0.4950000   0.2475000
   0.2400000   0.4800000   0.2400000
   0.2325000   0.4650000   0.2325000
   0.2250000   0.4500000   0.2250000
   0.2175000   0.4350000   0.2175000
   0.2100000   0.4200000   0.2100000
   0.2025000   0.4050000   0.2025000
   0.1950000   0.3900000   0.1950000
   0.1875000   0.3750000   0.1875000
   0.1800000   0.3600000   0.1800000
   0.1725000   0.3450000   0.1725000
   0.1650000   0.3300000   0.1650000
   0.1575000   0.3150000   0.1575000
   0.1500000   0.3000000   0.1500000
   0.1425000   0.2850000   0.1425000
   0.1350000   0.2700000   0.1350000
   0.1275000   0.2550000   0.1275000
   0.1200000   0.2400000   0.1200000
   0.1125000   0.2250000   0.1125000
   0.1050000   0.2100000   0.1050000
   0.0975000   0.1950000   0.0975000
   0.0900000   0.1800000   0.0900000
   0.0825000   0.1650000   0.0825000
   0.0750000   0.1500000   0.0750000
   0.0675000   0.1350000   0.0675000
   0.0600000   0.1200000   0.0600000
   0.0525000   0.1050000   0.0525000
   0.0450000   0.0900000   0.0450000
   0.0375000   0.0750000   0.0375000
   0.0300000   0.0600000   0.0300000
   0.0225000   0.0450000   0.0225000
   0.0150000   0.0300000   0.0150000
   0.0075000   0.0150000   0.0075000
   0.0000000   0.0000000   0.0000000
   0.0100000   0.0100000   0.0100000
   0.0200000   0.0200000   0.0200000
   0.0300000   0.0300000   0.0300000
   0.0400000   0.0400000   0.0400000
   0.0500000   0.0500000   0.0500000
   0.0600000   0.0600000   0.0600000
   0.0700000   0.0700000   0.0700000
   0.0800000   0.0800000   0.0800000
   0.0900000   0.0900000   0.0900000
   0.1000000   0.1000000   0.1000000
   0.1100000   0.1100000   0.1100000
   0.1200000   0.1200000   0.1200000
   0.1300000   0.1300000   0.1300000
   0.1400000   0.1400000   0.1400000
   0.1500000   0.1500000   0.1500000
   0.1600000   0.1600000   0.1600000
   0.1700000   0.1700000   0.1700000
   0.1800000   0.1800000   0.1800000
   0.1900000   0.1900000   0.1900000
   0.2000000   0.2000000   0.2000000
   0.2100000   0.2100000   0.2100000
   0.2200000   0.2200000   0.2200000
   0.2300000   0.2300000   0.2300000
   0.2400000   0.2400000   0.2400000
   0.2500000   0.2500000   0.2500000
   0.2600000   0.2600000   0.2600000
   0.2700000   0.2700000   0.2700000
   0.2800000   0.2800000   0.2800000
   0.2900000   0.2900000   0.2900000
   0.3000000   0.3000000   0.3000000
   0.3100000   0.3100000   0.3100000
   0.3200000   0.3200000   0.3200000
   0.3300000   0.3300000   0.3300000
   0.3400000   0.3400000   0.3400000
   0.3500000   0.3500000   0.3500000
   0.3600000   0.3600000   0.3600000
   0.3700000   0.3700000   0.3700000
   0.3800000   0.3800000   0.3800000
   0.3900000   0.3900000   0.3900000
   0.4000000   0.4000000   0.4000000
   0.4100000   0.4100000   0.4100000
   0.4200000   0.4200000   0.4200000
   0.4300000   0.4300000   0.4300000
   0.4400000   0.4400000   0.4400000
   0.4500000   0.4500000   0.4500000
   0.4600000   0.4600000   0.4600000
   0.4700000   0.4700000   0.4700000
   0.4800000   0.4800000   0.4800000
   0.4900000   0.4900000   0.4900000
   0.5000000   0.5000000   0.5000000
